7
57 88
366 -652
-401 -848
-685 -920
-523 522
-660 -609
-972 844
-45 813
289 -678
659 341
-909 -350
439 713
-612 810
53 107
368 -783
708 -644
670 -704
-213 -895
575 363
69 -786
-325 532
364 433
545 667
-107 -501
-170 858
-86 616
860 131
-753 -265
821 -631
277 636
-719 69
886 -287
-511 -930
140 -997
-516 -561
-911 557
-696 -367
-555 460
826 -227
241 769
-952 -769
-147 775
-966 -129
-859 289
608 13
-149 541
-92 947
593 116
775 -826
991 362
24 -548
-925 818
56 -422
-514 -69
309 -843
-213 -262
-879 -389
776 871
710 299 297 -310
-126 823 -671 513
-668 -46 -986 -234
665 906 -988 978
-784 788 -114 27
-112 -978 -618 313
683 -883 549 998
-652 139 -753 -883
-662 546 -879 -532
812 -312 -674 -687
985 -629 339 -541
-188 864 426 512
-809 280 -528 -850
824 166 -188 -415
-108 -30 -56 -954
810 -723 -913 -744
-614 -590 392 -341
-466 -417 -196 292
-156 488 -914 883
203 -215 612 -957
707 -329 -781 21
197 -883 739 -472
-325 901 -569 798
-652 -629 -903 -117
738 344 4 -58
715 -170 -124 986
-406 -14 -169 961
125 -46 -25 -708
-616 384 114 298
-491 964 -993 492
-692 295 -848 157
571 130 -678 -60
-328 224 -529 -468
732 241 606 100
938 -919 -94 66
613 -671 -82 366
-673 400 -2 344
-897 -512 206 283
873 712 -976 638
-42 -56 -370 -193
-538 162 183 396
-128 -535 -565 812
197 32 -370 -976
-312 -450 952 -728
764 17 -73 -294
-157 383 -668 860
-630 53 -609 -821
-886 693 -441 -861
-999 -998 585 962
-111 520 -23 228
595 -36 -184 -90
-332 239 -449 528
291 -761 213 452
-725 -162 65 -709
-790 21 169 -518
565 263 259 492
936 -180 99 -759
241 -486 -588 918
-4 344 676 -147
279 839 348 -87
-881 -527 632 -786
-177 -180 86 876
-124 -685 -127 999
-874 88 901 459
910 -608 131 161
99 -718 -501 -126
281 -331 292 -428
200 185 -396 178
-955 401 40 881
80 -726 351 839
-187 337 -213 -656
315 -605 -231 -408
676 521 311 -151
555 -379 -514 -380
545 -40 1 115
-13 -585 -505 718
-883 340 1 -940
783 635 -531 -456
169 -453 -860 -873
63 183 -886 680
406 45 608 891
-82 36 -494 -755
325 -504 -479 913
-647 625 20 799
-410 -513 352 151
-463 -32 996 -451
484 704 -813 -61
783 -13 820 -565
43 97
640 -293
-962 832
-977 94
-144 272
283 540
-445 888
602 727
-227 383
35 384
574 525
80 699
-222 -87
373 647
-446 -19
-801 -601
-439 -580
867 519
-918 -382
-434 -465
442 -888
-375 -98
-722 -373
-865 -98
-207 -461
404 -184
-701 -554
-793 -90
305 -700
-309 747
-332 -523
490 -542
536 848
-864 -276
-512 -44
-252 -514
-785 -870
-466 -24
-968 -993
9 724
849 87
236 -514
-744 732
-263 211
668 587 -687 -323
194 540 -65 529
-81 117 -694 349
586 391 -662 962
237 -365 714 -433
-735 448 -247 42
-179 -779 -772 62
-308 499 -421 399
943 -679 -433 -5
-534 600 -356 -633
-363 -734 -910 -28
-471 590 655 -385
-908 139 -644 626
-991 8 498 754
933 -61 -736 -977
98 722 -52 228
-650 -680 -733 285
-657 525 -318 -275
977 -867 989 163
748 456 -437 302
965 245 182 -644
387 778 1000 -855
94 755 -111 424
976 -302 101 202
-836 -182 -665 -449
757 -98 -16 -676
276 -712 -703 -215
250 -650 91 -733
414 -266 -607 165
-862 80 223 794
974 239 -820 -354
274 758 985 673
255 616 647 996
-765 365 -456 1
-284 -179 145 996
571 -479 -628 105
358 -552 292 -886
-8 229 -95 252
-734 618 194 -827
-910 -986 288 500
899 944 665 -750
17 922 -445 -571
782 423 27 -850
-790 735 526 207
-533 162 -154 267
-388 882 12 -604
980 -997 -737 -787
390 258 341 -789
243 -209 -946 131
-833 -561 -270 895
586 -973 -475 -446
902 23 227 632
16 496 749 470
869 -204 -44 111
-134 -331 -539 58
522 -725 -373 946
774 -841 269 737
246 -844 -935 651
-961 -697 -690 -865
-916 635 922 6
-217 518 128 -408
-994 -139 -915 -362
228 -890 -958 -953
474 118 511 -590
310 794 -201 -188
-484 686 -294 -118
-125 -219 763 181
-452 675 571 346
-580 -913 295 -857
-164 -766 -389 550
793 903 377 -741
-990 523 762 -131
-123 -492 -887 -478
557 -866 -511 28
-709 527 -718 -691
-63 787 999 -914
633 326 957 -292
329 333 423 284
56 35 851 -118
-582 809 -461 -524
386 -913 -366 -520
-649 -240 -549 -908
-860 156 -47 -714
536 -454 -923 -382
-526 430 880 -404
800 -634 -683 -616
-462 456 660 949
-796 -651 -906 670
-772 272 -908 -813
175 -145 -428 992
826 -386 498 352
-667 -51 -81 946
594 882 -691 -459
-548 432 -94 -908
236 812 4 236
309 228 -486 -615
-393 661 -970 -386
79 11
682 -44
-275 252
763 -139
-970 684
-123 -284
429 -612
-604 -199
359 -75
495 -78
376 -293
-248 237
-26 560
-202 -128
458 556
297 -289
-39 -584
-241 933
-902 90
-658 -562
336 616
930 -772
-659 765
-658 582
879 686
-422 564
-797 -202
198 812
-332 594
-763 695
-485 946
-530 -845
997 994
128 899
-594 664
-590 721
-478 370
440 188
-774 531
-713 827
-394 334
-131 565
906 -565
291 764
511 -974
508 -131
-75 570
518 266
565 -415
992 51
289 -647
756 768
-427 222
-439 891
-997 -684
-357 -120
524 -427
13 26
860 -523
965 -306
-918 575
-101 -866
384 -213
-742 -674
904 -959
-777 -960
-360 -237
-214 792
-92 343
-24 492
562 365
878 176
37 963
664 -56
-160 -895
197 571
-853 -892
105 -517
-776 830
473 -976
274 -554 902 518
-27 666 -964 574
24 244 -761 740
18 -135 456 826
202 -513 -2 896
-599 -591 -666 -801
37 334 -364 47
730 703 -444 -369
400 -137 -592 -409
461 -560 426 56
365 537 193 68
5 36
-541 464
841 827
115 120
-798 441
-605 684
239 -188 193 777
843 372 724 -782
942 346 988 104
5 202 819 168
101 9 -443 -182
-644 416 -323 -143
225 247 254 226
-716 -617 15 -396
686 39 -735 669
425 278 -280 -28
-430 638 -308 684
-434 923 -73 -858
624 -59 -524 -554
-778 -538 -709 740
-713 -36 880 100
502 -80 42 325
760 908 68 37
936 790 -750 -340
391 -375 36 -423
-338 -185 -409 -662
-163 -228 870 525
421 674 -162 -740
-468 94 857 -283
760 203 542 367
-317 -783 694 763
-378 140 93 375
877 565 924 830
611 327 -966 -759
-822 -988 -555 131
356 -871 144 -466
730 -866 739 328
-9 -765 511 -254
-770 -398 -572 -457
490 716 471 240
236 18 -488 -909
178 227 26 -793
41 97
749 -970
940 -146
-362 778
-146 904
-46 431
-35 251
-225 -819
-152 780
-803 -406
-926 108
229 31
-566 93
-713 807
791 -124
261 118
999 629
-5 354
212 863
362 321
816 -365
230 174
62 123
-886 344
-928 -969
-76 143
-757 201
-729 228
365 643
723 186
-449 482
833 -563
-581 802
726 -962
464 273
298 206
-10 256
148 151
-555 554
824 -464
160 12
-137 -32
994 -316 959 970
-698 415 -503 -459
-229 -607 534 -80
-111 263 947 714
487 -335 449 -993
-221 -989 107 830
-767 828 -30 211
-919 -761 753 -984
-844 535 438 105
45 903 -376 -102
107 13 972 217
-695 218 491 -812
-69 558 -395 -520
-344 997 -729 -736
767 -420 328 -386
-221 -817 10 -720
258 -150 15 716
370 149 973 -850
660 -714 278 923
435 -784 226 -522
912 -463 729 964
-547 -405 190 586
-851 235 -971 977
-376 261 576 983
98 462 -206 -532
951 521 54 619
699 137 -695 369
842 -372 583 647
-635 170 -594 911
-54 -165 917 190
-279 470 -81 44
-621 970 122 -318
387 -61 701 -27
859 -954 -268 -52
-469 -786 -801 28
250 -326 -316 747
750 -497 54 159
-649 -562 527 -785
96 432 -518 559
260 -657 756 797
929 -759 -957 -262
310 -385 984 238
378 312 -721 -898
443 322 -78 -486
189 -367 -315 -625
-900 -104 193 786
880 -695 788 961
570 511 131 796
597 182 -896 278
-560 -450 244 783
-548 150 84 -540
339 136 -674 227
550 812 -99 -493
-19 148 -672 -106
360 -243 827 888
325 276 -742 200
516 89 -148 646
780 -516 526 -849
-645 -530 -555 -386
-433 -4 -130 -927
-823 523 57 279
698 -584 767 277
529 491 -632 -109
-90 411 181 -834
-268 851 185 531
97 -799 -627 5
203 186 -184 -812
-272 -974 -581 -781
-989 -811 390 -174
-339 689 891 611
951 -673 -348 -321
104 -194 568 -118
559 -710 935 538
989 -492 164 508
-162 668 -512 -755
-472 611 33 610
-659 32 -870 -527
826 969 -347 705
-634 198 6 -169
-92 212 -12 -997
425 975 -851 -760
554 21 446 298
-26 -399 -843 -321
-758 -151 -16 221
-210 625 938 554
383 832 430 -898
-242 -333 553 551
668 -563 -930 781
-852 -96 718 -878
-164 451 -337 945
642 514 -666 -670
-99 -439 -396 -411
-263 -541 689 -944
-951 -956 102 -505
-901 514 464 -907
-941 -297 -754 -381
820 -823 550 -625
91 12
806 90
341 235
123 -485
780 -921
-299 -770
-937 -239
804 502
271 322
-908 -162
29 900
303 -972
805 -509
901 -545
-538 -275
189 560
-733 212
-969 -303
-527 -410
-733 -433
-877 -422
481 77
-989 678
300 417
983 685
709 -600
511 -705
-328 -601
220 -503
220 -508
975 155
333 72
-208 -141
624 -275
487 394
-873 637
-10 411
126 -242
-995 -980
332 47
-170 -202
598 -120
-231 -207
420 -688
23 973
899 459
382 143
-592 947
508 951
554 713
247 -88
-373 -837
986 -292
975 91
-217 771
-132 398
-945 -905
-79 -209
611 858
-430 -66
-67 679
-177 -650
124 866
774 -459
520 -637
-550 336
501 64
-982 100
-965 338
305 850
567 -293
597 698
912 -923
-850 207
334 416
-732 560
-301 -143
-221 -15
386 -521
-964 -397
-692 70
-490 231
-798 369
410 -715
367 -432
-507 540
665 -306
584 -531
-306 -149
50 -617
486 -757
-660 172
460 67 -104 192
-282 -171 -410 804
-707 654 785 -519
-316 -178 -568 -292
916 799 -166 57
-38 -820 200 80
-135 -469 -699 579
272 637 703 -559
668 -520 755 -828
410 -280 -870 12
-589 913 -531 -781
678 -729 -411 -79
82 44
352 -848
-273 101
520 -531
-893 -630
184 55
302 -619
-851 735
-469 238
-938 42
-35 539
-750 -620
712 736
-167 -686
847 -612
629 564
976 625
13 504
-563 -336
-22 -860
-561 -135
28 -193
-432 617
340 -714
942 489
-652 172
-354 18
1 186
-160 510
287 -725
511 -556
-516 747
810 496
825 -123
824 338
-635 229
84 -280
-548 532
28 -140
-852 -923
-840 376
-162 596
-384 -123
999 969
-678 -193
-160 -146
22 511
149 -510
621 219
-140 345
-847 383
530 -144
382 976
-887 -60
220 -503
-870 543
-241 398
-849 986
-127 -866
-991 852
-444 286
-686 524
-665 43
20 546
537 978
298 -187
686 -35
738 -807
-294 -155
447 321
-956 464
-306 -241
295 -721
-667 -53
331 -10
860 -748
260 -736
-997 -496
196 516
833 -719
715 -266
942 -875
-610 848
-934 993 -811 851
243 605 -233 826
263 -934 691 953
934 -469 -93 707
-111 390 -113 -655
676 -661 332 449
185 148 859 770
-982 -345 -341 764
-673 780 653 -338
-641 860 -13 -647
-647 -253 -499 -813
-730 624 -802 462
868 -900 -859 -23
-186 946 154 -439
-184 -327 -569 126
-542 -268 -240 -30
206 699 -60 511
-42 -904 801 379
923 517 -440 633
266 711 -620 -884
-586 -351 502 565
-394 996 -881 883
275 437 -680 -449
644 -45 -838 -792
959 839 75 203
-34 -347 909 77
-527 -455 994 -176
-881 51 185 520
-970 966 210 612
-622 933 690 -487
-271 -317 518 -237
420 -797 556 478
-712 807 182 218
-814 -107 221 -891
-662 960 612 643
376 251 345 -722
906 841 582 -358
69 437 508 -920
-267 331 86 873
153 -962 466 190
-929 -536 717 489
-272 -497 180 46
-448 -274 -973 -143
-717 840 454 870
