10
2 7
1 2
4 15
14 12 10 9
4 541065217
536870912 4194304 4194305 1
4 33554432
33554432 15 434 22
50 536870911
536870910 536870909 536870907 536870903 536870895 536870879 536870847 536870783 536870655 536870399 536869887 536868863 536866815 536862719 536854527 536838143 536805375 536739839 536608767 536346623 535822335 534773759 532676607 528482303 520093695 536870908 536870905 536870899 536870887 536870863 536870815 536870719 536870527 536870143 536869375 536867839 536864767 536858623 536846335 536821759 536772607 536674303 536477695 536084479 535298047 533725183 530579455 524287999 511705087 486539263
41 345300769
709837808 318721 268801 807218436 268486433 198976917 1082145 6042182 157164682 68190752 855209624 561797297 821100836 46356399 345284385 268490241 76827936 343936288 929503559 458681188 9472544 336876321 476975710 470064493 301571345 754067550 68157697 928766083 278187520 335812640 67113985 68455937 76814336 135883196 75792929 449956819 76815649 269502464 279841 9440801 8689184
46 322809125
212336939 605228324 383586937 287147269 115083326 486396191 699465370 319029280 348257249 485423268 19170337 904811334 557558697 703418792 643771129 200547698 975159536 918165133 63947264 395224887 819760257 153385111 646842228 51979521 791479097 56807119 463529243 36890252 337705003 292065220 321159456 66235730 758945253 193358401 758938926 945833596 250868555 200666841 261276300 304120864 633182481 776659204 691822414 33818912 883900416 305668389
50 271071504
268965888 268435728 271058960 270542864 268959760 270540800 536832 268970256 270536704 268974080 530448 2105616 6144 268962064 2101504 2097408 268449808 2625808 268972288 271059200 534784 2621456 271063296 6160 2101264 268443664 268437520 270538752 2633984 271069200 2101248 16 268439808 270532880 268448000 4096 268972304 2105360 12304 268966160 271065344 2048 268450064 14592 270547216 532496 10256 268447744 270539024 271060992
46 177896207
135811332 144204300 176847365 169347849 134357774 1208581 168311311 9961984 168822794 34748684 135942921 301783080 168968461 34761487 9966338 176304393 177346568 168968974 143161606 177741839 42615300 465601947 33563395 134760972 34097931 143804932 18438 1194252 176711951 169372166 169357571 33714189 9450248 1712140 169507083 177750016 526854 134234114 42485772 143685898 134228233 142637571 176699658 168454659 9459720 176171787
31 140197693
679885318 273459883 911180881 898515625 134883604 139528453 331073218 138556428 599053 75520562 5450545 972535526 809009179 134809345 994799808 928600661 4733460 134418693 139475232 376700536 995305825 998608305 289240878 1582368 695632367 142062635 531305318 812440642 5311032 450128322 985541346

