20
35 29739 3374 11141 735134400 662310641
6001 28056 11771 16503 735134400 248553481
9560 16410 6640 18892 735134400 421492501
32213 12221 19677 25636 735134400 415096065
30362 22714 25123 5440 735134400 584262145
22479 31164 24663 27022 735134400 396465021
31913 25237 31666 362 735134400 965462401
749 2622 26244 26678 735134400 21499001
13717 26449 32322 27054 735134400 418680911
24123 10347 7414 11825 735134400 52771841
10733 26125 25091 17614 735134400 102340379
8601 28148 12974 31311 735134400 799598199
11063 26633 20932 32427 735134400 432889926
28751 24402 3919 30328 735134400 145817409
12192 15755 1094 15441 735134400 882518475
15072 5711 25488 22103 735134400 5210709
32501 18174 28884 3634 735134400 165769531
17437 707 30448 15931 735134400 293993089
9427 28253 29456 21682 735134400 973215405
23931 1441 26287 22074 735134400 175411001
