20
23579 13520 12816 23270 735134400 622838497
11943 27186 18938 11672 735134400 85074643
26538 30869 24235 27542 735134400 576898251
7256 417 28518 21097 735134400 949534811
3144 22307 7438 25738 735134400 489983573
8805 25785 10144 16755 735134400 389724801
8159 20362 11668 3075 735134400 807358081
13593 8172 20836 4695 735134400 414486301
25070 2335 10453 11400 735134400 604038729
32195 19861 6829 1009 735134400 84458381
4413 25174 25341 15076 735134400 643079441
1682 25215 11052 19709 735134400 943865201
29395 11248 19039 2670 735134400 62028961
10657 12454 11259 21756 735134400 278882195
15910 13399 21835 21385 735134400 227363841
22350 25662 24723 14679 735134400 825958165
8850 1862 21278 4204 735134400 754641281
2001 32499 17661 17090 735134400 672600353
23053 1454 13464 29732 735134400 607481601
27659 5488 25926 12004 735134400 447320065
