16
29739 3374 11141 31308 79013951 768722353
28056 11771 16503 31113 408919701 668724081
16410 6640 18892 3855 123768033 49292501
12221 19677 25636 31945 445136865 285552193
22714 25123 5440 12752 994013137 328594433
31164 24663 27022 28739 804469861 165593967
25237 31666 362 10248 801642041 584068801
2622 26244 26678 6149 772749601 692469421
26449 32322 27054 14491 481745383 853282171
10347 7414 11825 13660 614503937 776676641
26125 25091 17614 8535 368542949 555023919
28148 12974 31311 26736 247540589 371712790
26633 20932 32427 6561 473028301 434600832
24402 3919 30328 20754 450915321 534072833
15755 1094 15441 5739 305034817 140101793
5711 25488 22103 17106 807283857 715263048
