15
28884 3634 17258 8696 158004976 136331799
30448 15931 8277 10185 528508961 636245077
29456 21682 25990 17163 182938289 675809978
26287 22074 12774 14503 98167001 389792881
12816 23270 6803 6450 496730401 331965979
18938 11672 2892 25652 556871023 705137323
24235 27542 10816 5423 2455751 706059673
28518 21097 21724 31167 184698791 227412649
7438 25738 23630 31886 376643141 491922476
10144 16755 3024 26348 232829401 6061729
11668 3075 2050 2892 934104961 583560993
20836 4695 3543 25850 5598201 674011351
10453 11400 20702 3517 833382537 233052191
6829 1009 1007 2119 576716897 490784531
25341 15076 17548 22184 982137841 791984551
