13
19709 112 13842 5417 943865201 959003441
2670 19996 13749 27761 62028961 320128003
21756 25706 17537 12296 278882195 743595151
21385 12912 21002 8896 227363841 770341101
14679 24625 18660 25843 825958165 633778601
4204 2548 3377 26472 754641281 503642840
17090 9015 22585 19201 672600353 300650769
29732 27540 21054 10690 607481601 374740193
12004 3867 15857 28400 447320065 72849713
32728 15593 29999 8030 710434633 734262201
29238 512 27890 4124 660647041 937806198
31308 23475 1684 22816 895724074 788251578
22058 3105 11998 8881 233624649 481472593
