15
29427 18139 3080 8519 405823681 151895041
26365 18273 5163 3291 594938569 527174551
23271 30259 2214 19129 375971665 606249201
16509 1143 27240 8935 431184381 802124951
29600 31653 11707 20087 664330501 5457181
22685 4348 13412 11150 258623939 902507961
6173 9281 14825 16169 907546241 815718972
11715 27218 20556 18778 862144441 768025171
4339 3422 12280 17419 823966433 868971137
19296 26549 3002 22925 52103241 245632323
26441 15250 25078 1920 294308381 496118858
20373 14673 30330 3027 840754301 970934605
5667 5861 19614 13544 588402881 971465233
10519 16020 12176 2865 816675458 795995078
24034 66 9980 22960 320139481 324059869
