14
1990 12408 11330 26998 45928577 681317451
29742 19023 15785 9238 399824001 246206881
5848 23213 21668 29582 130043265 734781801
28350 22064 1691 26053 746579265 940108321
13178 19309 4013 30420 740396226 925955205
1220 13554 15130 15418 247536641 764134011
26225 14780 1123 23048 854722501 24176563
26186 25673 30873 19308 123701571 240043629
28713 25256 16556 25673 615116181 739118689
15938 9775 28862 22458 667758577 947471241
20102 18380 3523 4021 154094955 578631115
9083 32260 502 19499 603064831 893730251
9729 17433 16876 25679 464414623 666164193
3800 7670 32586 13045 601014922 462715173
