20
32026 14806 8052 32728 735134400 710434633
12700 21283 25142 29238 735134400 660647041
3069 3011 24883 31308 735134400 895724074
28217 2113 22337 22058 735134400 233624649
24878 14808 5433 19882 735134400 885488001
1597 17925 5567 6029 735134400 107305585
272 14783 4636 3966 735134400 383763115
8831 19774 26969 26927 735134400 950438481
31460 25992 29241 14080 735134400 368950518
2404 21258 22981 32450 735134400 238444223
20217 6416 19336 17815 735134400 966823601
28470 24541 7603 1025 735134400 770742567
3622 9125 27315 26011 735134400 317624201
4533 19654 13064 9235 735134400 816102001
9851 12776 9571 17243 735134400 25151761
13036 8947 20555 1327 735134400 324838321
4404 5108 6107 9312 735134400 480667001
18247 24946 9053 23682 735134400 928166401
21999 958 25033 241 735134400 48835501
27362 27963 4462 32334 735134400 656498417
