20
35 29739 3374 11141 735134400 1000000000
6001 28056 11771 16503 735134400 1000000000
9560 16410 6640 18892 735134400 1000000000
32213 12221 19677 25636 735134400 1000000000
30362 22714 25123 5440 735134400 1000000000
22479 31164 24663 27022 735134400 1000000000
31913 25237 31666 362 735134400 1000000000
749 2622 26244 26678 735134400 1000000000
13717 26449 32322 27054 735134400 1000000000
24123 10347 7414 11825 735134400 1000000000
10733 26125 25091 17614 735134400 1000000000
8601 28148 12974 31311 735134400 1000000000
11063 26633 20932 32427 735134400 1000000000
28751 24402 3919 30328 735134400 1000000000
12192 15755 1094 15441 735134400 1000000000
15072 5711 25488 22103 735134400 1000000000
32501 18174 28884 3634 735134400 1000000000
17437 707 30448 15931 735134400 1000000000
9427 28253 29456 21682 735134400 1000000000
23931 1441 26287 22074 735134400 1000000000
