20
32026 14806 8052 32728 735134400 1000000000
12700 21283 25142 29238 735134400 1000000000
3069 3011 24883 31308 735134400 1000000000
28217 2113 22337 22058 735134400 1000000000
24878 14808 5433 19882 735134400 1000000000
1597 17925 5567 6029 735134400 1000000000
272 14783 4636 3966 735134400 1000000000
8831 19774 26969 26927 735134400 1000000000
31460 25992 29241 14080 735134400 1000000000
2404 21258 22981 32450 735134400 1000000000
20217 6416 19336 17815 735134400 1000000000
28470 24541 7603 1025 735134400 1000000000
3622 9125 27315 26011 735134400 1000000000
4533 19654 13064 9235 735134400 1000000000
9851 12776 9571 17243 735134400 1000000000
13036 8947 20555 1327 735134400 1000000000
4404 5108 6107 9312 735134400 1000000000
18247 24946 9053 23682 735134400 1000000000
21999 958 25033 241 735134400 1000000000
27362 27963 4462 32334 735134400 1000000000
