20
5920 20414 13913 9176 735134400 1000000000
29221 12141 27693 3669 735134400 1000000000
7106 3532 21387 5221 735134400 1000000000
10639 9686 20544 13430 735134400 1000000000
2640 14925 13512 20145 735134400 1000000000
6352 27062 8436 31126 735134400 1000000000
18676 26512 5297 3620 735134400 1000000000
23835 28869 21815 12482 735134400 1000000000
14080 24947 4664 11835 735134400 1000000000
28347 3187 2500 4243 735134400 1000000000
13211 26955 3314 25988 735134400 1000000000
26084 27505 3229 24787 735134400 1000000000
9661 28164 3244 24299 735134400 1000000000
4813 8558 21951 24671 735134400 1000000000
31070 25733 18493 30010 735134400 1000000000
31997 31011 8466 18253 735134400 1000000000
17899 9303 8093 5339 735134400 1000000000
7651 5267 7584 2383 735134400 1000000000
4602 27783 7476 2017 735134400 1000000000
27305 8076 26120 15448 735134400 1000000000
