20
26688 29897 21109 12360 735134400 1000000000
331 6259 13874 18302 735134400 1000000000
12736 11999 9132 29818 735134400 1000000000
3300 29503 4677 15904 735134400 1000000000
2374 7226 22293 25107 735134400 1000000000
13642 6852 21207 2890 735134400 1000000000
31765 23520 31534 19174 735134400 1000000000
11739 5170 19045 20822 735134400 1000000000
27613 21646 30799 24641 735134400 1000000000
14231 18654 30723 8661 735134400 1000000000
1521 7967 24953 4205 735134400 1000000000
10863 14913 31573 29101 735134400 1000000000
951 5421 22636 10874 735134400 1000000000
23006 9279 15807 28036 735134400 1000000000
10336 10230 6398 3131 735134400 1000000000
26807 20907 1241 4702 735134400 1000000000
12250 25475 32680 24206 735134400 1000000000
24638 9992 25127 11908 735134400 1000000000
8964 16901 8034 9182 735134400 1000000000
7803 10131 13319 11941 735134400 1000000000
