20
5920 20414 13913 9176 735134400 838836881
29221 12141 27693 3669 735134400 879752001
7106 3532 21387 5221 735134400 450114721
10639 9686 20544 13430 735134400 968672091
2640 14925 13512 20145 735134400 133179289
6352 27062 8436 31126 735134400 43265873
18676 26512 5297 3620 735134400 155057141
23835 28869 21815 12482 735134400 800404361
14080 24947 4664 11835 735134400 549321121
28347 3187 2500 4243 735134400 569629933
13211 26955 3314 25988 735134400 865500129
26084 27505 3229 24787 735134400 986830901
9661 28164 3244 24299 735134400 370767541
4813 8558 21951 24671 735134400 776945481
31070 25733 18493 30010 735134400 744030133
31997 31011 8466 18253 735134400 397117901
17899 9303 8093 5339 735134400 755596373
7651 5267 7584 2383 735134400 922875365
4602 27783 7476 2017 735134400 769283173
27305 8076 26120 15448 735134400 453928449
