20
17698 13185 15025 7403 735134400 421598945
28619 30846 11244 23360 735134400 670898941
3729 32173 13311 18378 735134400 776910549
26553 9855 3530 27202 735134400 190553089
26813 22554 18732 32041 735134400 47270272
19725 12683 7378 2284 735134400 86143009
8016 26771 11875 28629 735134400 985727177
11555 8924 26976 16888 735134400 391099895
15021 966 23600 4734 735134400 76915820
27263 12602 29746 25597 735134400 420456906
14237 22051 9424 10171 735134400 920741681
23199 14201 23260 19473 735134400 385331201
20553 22787 25801 74 735134400 115373601
18193 318 377 14510 735134400 412418261
19049 14346 25275 11163 735134400 320998617
26054 12808 28068 2264 735134400 466869341
32443 2767 12918 7821 735134400 243691901
7334 19052 18088 2941 735134400 1218661
3512 1723 12109 5239 735134400 319693211
9318 4000 12020 17181 735134400 20371941
