20
30083 3376 25003 11883 735134400 986733969
24215 22844 27347 16812 735134400 831707961
32036 14827 25572 5304 735134400 21035777
29440 2365 2138 181 735134400 917859821
10484 21932 6735 7855 735134400 583025851
2094 12876 31906 22977 735134400 243160001
11352 20757 21139 17576 735134400 799641251
11082 12350 27192 759 735134400 992192097
3250 11217 7743 24645 735134400 484645481
15148 14045 1234 13318 735134400 313834113
27029 27639 31902 32502 735134400 361355007
27310 6886 17989 22337 735134400 246476177
7738 2478 10186 19134 735134400 354918273
11843 22868 26805 27401 735134400 221747295
12337 29458 6399 19766 735134400 122914265
10441 8412 23052 30577 735134400 220294151
16218 3160 6195 4304 735134400 749561729
27548 25018 7342 15389 735134400 821283281
27411 20526 27364 25695 735134400 471132298
7661 10156 18795 31340 735134400 336596581
