20
24756 29798 30258 17620 735134400 372758187
24403 16956 9910 32727 735134400 366290989
1849 14036 26671 12619 735134400 586128913
31136 32579 2325 21658 735134400 808299001
31807 13941 15475 27975 735134400 229952521
13814 31660 28890 12946 735134400 163111859
22066 31954 12276 30010 735134400 308746917
26907 20086 6417 10343 735134400 978506797
24518 7077 30742 10569 735134400 248599243
2826 4606 27578 3308 735134400 69631001
16548 699 20735 29263 735134400 585895033
28107 3964 3897 9924 735134400 620304257
18279 29210 14125 25888 735134400 424700162
26502 4300 267 11335 735134400 273759785
18632 11364 24651 10257 735134400 825036081
979 7280 29116 32677 735134400 950200943
18453 19836 18241 7862 735134400 265398741
4181 8147 22038 19273 735134400 243178691
23785 26984 24460 8171 735134400 756173921
6280 19408 24988 25217 735134400 802929681
