20
2583 22391 17358 14871 735134400 350336721
9432 10100 24119 2652 735134400 326012561
31208 19877 29606 18861 735134400 79770401
20724 7424 5424 3796 735134400 366691141
21383 12348 29890 26100 735134400 904344001
3426 1331 15711 18478 735134400 689121941
7610 14780 27443 26633 735134400 355678989
8276 29896 8867 29856 735134400 69329259
25300 24318 32001 4131 735134400 775749121
14779 20539 31379 2610 735134400 828258113
2536 5013 5377 3350 735134400 139218801
11930 27089 6771 25832 735134400 410595290
6464 21110 22756 27164 735134400 206337601
12190 11736 619 29982 735134400 354346753
22030 3801 26257 9937 735134400 481270715
3820 8492 29172 21043 735134400 24009518
30051 29023 11446 32125 735134400 525173553
26938 13820 31123 21867 735134400 975332389
21086 1398 29338 7063 735134400 47244069
17955 15052 15819 8463 735134400 713712241
