20
23974 15099 25397 20615 735134400 451440001
949 26555 24397 14296 735134400 868671755
14874 24607 12164 30380 735134400 630048683
8524 19975 15475 2188 735134400 701256673
15048 30604 7191 6815 735134400 14554669
15780 11727 32749 4583 735134400 316868194
13853 3785 3565 9400 735134400 973442961
23594 30232 12475 701 735134400 191140513
25180 30940 27267 2255 735134400 541817797
17812 29460 14172 31326 735134400 36416401
12115 4399 24360 16452 735134400 647330101
6066 28320 3141 19770 735134400 780279514
20809 27317 25491 4674 735134400 74269201
22660 18188 917 29127 735134400 448980701
28987 3919 3000 28225 735134400 825675001
8334 16416 27144 31136 735134400 480119041
13897 13162 31961 23755 735134400 858638891
12393 4701 26411 15088 735134400 654255543
7276 490 6618 19074 735134400 481337961
1435 31873 22736 3600 735134400 11379321
