41 5
傅宇鉴	1575	1617	1671	1705	1729
胡高炜	1400	1315	1245	1182	1124
刁宇森	1400	1315	1245	1182	1209
卢婉青	1400	1315	1245	1327	1314
何冬羽	1400	1315	1245	1182	1124
刘浩宇	1400	1450	1345	1258	1247
马炜涛	1400	1425	1326	1424	1397
余睿	1400	1475	1498	1523	1559
陈溢聪	1555	1592	1607	1648	1675
何春梅	1400	1315	1245	1182	1239
梁佳誉	1400	1420	1473	1489	1482
陈波	1400	1505	1500	1375	1270
梁楷	1400	1465	1356	1266	1188
孙赢龙	1400	1315	1385	1288	1280
叶志伟	1400	1495	1563	1583	1612
邹瓯铭	1565	1620	1633	1479	1535
陈昕茹	1550	1554	1422	1491	1489
江围	1535	1558	1425	1488	1521
姚杰	1400	1430	1330	1412	1393
张瑜心	1400	1315	1245	1337	1242
郑煜航	1570	1559	1621	1654	1635
曹鹏霄	1400	1315	1415	1310	1392
胡佳	1400	1315	1365	1273	1264
刘睦达	1400	1315	1245	1182	1124
王云浩	1595	1627	1644	1488	1507
熊可诗	1400	1315	1245	1312	1323
徐炜涛	1400	1315	1245	1182	1124
张向平	1400	1315	1245	1182	1124
蔡承龙	1590	1454	1522	1532	1546
郭振海	1400	1315	1245	1182	1124
金泽权	1585	1450	1344	1258	1182
鲁佳栋	1545	1420	1453	1339	1378
王伟臣	1540	1571	1560	1421	1410
杨佳豪	1400	1315	1245	1182	1124
郁鸣	1560	1626	1668	1508	1512
翟云鹏	1400	1315	1245	1182	1124
赵天赐	1400	1315	1390	1291	1328
胡友庭	1400	1440	1337	1252	1288
邵翔中	1600	1661	1506	1579	1629
林文龙	1580	1586	1627	1474	1506
朱郑臻	1400	1315	1245	1182	1124
75	42	53	34	23
-100	-84	-70	-62	-58
-100	-84	-70	-62	26
-100	-84	-70	82	-12
-100	-84	-70	-62	-58
-100	50	-105	-86	-10
-100	25	-98	97	-26
-100	75	22	25	35
55	37	14	41	27
-100	-84	-70	-62	56
-100	20	52	16	-6
-100	105	-4	-125	-104
-100	65	-109	-89	-77
-100	-84	69	-96	-7
-100	95	67	20	28
65	55	13	-153	55
50	4	-131	68	-2
35	23	-132	62	33
-100	30	-100	81	-18
-100	-84	-70	92	-95
70	-10	61	33	-18
-100	-84	99	-104	81
-100	-84	49	-91	-9
-100	-84	-70	-62	-58
95	32	16	-155	18
-100	-84	-70	67	11
-100	-84	-70	-62	-58
-100	-84	-70	-62	-58
90	-135	68	9	14
-100	-84	-70	-62	-58
85	-134	-105	-86	-75
45	-124	32	-113	39
40	31	-11	-139	-10
-100	-84	-70	-62	-58
60	66	41	-160	4
-100	-84	-70	-62	-58
-100	-84	74	-98	36
-100	40	-102	-85	35
100	61	-155	73	49
80	6	40	-152	31
-100	-84	-70	-62	-58
